16567        255   1331838015   72.96   7.11   71.51   6.86    3.37   2.86   70.56   3.02   68.80   2.96   -2.93   3.12
16570        255   1331864644   64.88   2.23   67.23   1.88   -0.54   0.20   62.32   3.09   56.90   2.67   -0.79   0.28
16576        255   1331948129   70.17   4.12   69.66   4.12   -0.71   0.57   67.71   3.34   66.88   3.34   -0.88   0.69
16578        255   1331980279   66.13   4.17   68.09   3.57   -0.55   1.49   67.75   3.49   71.25   3.19   -3.24   1.15
16582        255   1332029473   58.59   3.02   61.42   2.66   -1.37   0.36   60.09   2.18   64.17   1.98   -1.06   0.25
16586        255   1332100041   59.26   4.46   62.38   3.77   -0.61   0.52   55.85   5.76   52.31   4.89   -0.75   0.66
16587        255   1332137768   52.07   4.92   55.82   3.91   -1.00   0.59   64.10  14.30   84.59  12.35   -5.06   1.61
16592        255   1332200299   51.76   3.43   54.72   3.03   -1.30   0.53   55.78   2.91   56.41   2.53   -0.68   0.45
16593        255   1332228653   50.82   4.52   56.19   4.14   -2.16   1.06   54.46   3.94   54.76   3.80   -1.84   1.15
16594        255   1332271943   53.23   2.51   56.27   2.15   -0.63   0.28   51.16   2.53   55.34   2.25   -1.30   0.28
16597        255   1332318782   51.18   3.38   54.03   2.92   -1.17   1.06   56.36   3.37   59.32   2.95   -0.93   1.02
16602        255   1332385967   53.84   3.34   53.31   2.77   -0.96   0.51   55.12   2.87   54.86   2.39   -0.53   0.44
16618        255   1332492294   48.43   3.96   46.81   3.22   -0.05   0.47   40.03   2.79   50.54   2.59   -2.23   0.33
16619        255   1332547398   56.48   2.54   59.04   2.18   -1.00   0.30   57.13   2.59   57.40   2.11   -0.61   0.33
16620        255   1332602266   56.68   2.75   61.54   2.42   -0.87   0.30   61.09   3.45   61.91   3.07   -0.70   0.36
16622        255   1332643632   58.02   2.66   61.02   2.36   -1.05   0.30   62.62   2.88   66.20   2.57   -0.78   0.31
16625        255   1332689835   55.94   2.74   60.63   2.29   -1.30   0.32   62.85   2.23   67.51   1.83   -1.10   0.26
16626        255   1332732038   50.44   2.53   50.24   2.13   -0.58   0.32   62.91   2.86   50.13   2.41   -0.99   0.37
16627        255   1332766113   52.98   2.86   53.67   2.39   -0.59   0.35   57.49   2.00   59.57   1.70   -0.17   0.23
16632        255   1332838290   58.97   2.19   59.05   1.86   -0.61   0.27   61.29   2.10   62.42   1.77   -0.40   0.26
16633        255   1332873281   58.25   2.05   61.55   1.77   -1.08   0.33   53.69   1.89   55.70   1.71   -0.94   0.27
16635        255   1332906425   55.77   2.27   55.35   2.27   -0.71   0.57   54.78   1.92   54.53   1.92   -0.88   0.69
16638        255   1332927681   58.19   3.49   56.34   2.92    0.96   2.01   65.43   3.58   65.93   2.99   -1.59   2.13
16643        255   1333014274   66.28   3.43   88.20   3.29   -2.74   0.58   49.44   3.44   56.52   3.20   -0.48   0.55
16650        255   1333084591   53.54   3.97   52.00   3.39   -1.53   0.47   54.75   3.10   58.67   2.68   -1.09   0.36
16655        255   1333150456   54.32   3.60   55.97   2.84   -0.24   0.47   63.11   2.34   65.10   2.08   -1.27   0.27
16656        255   1333205388   54.50   3.26   56.09   2.87   -0.74   0.36   59.53   2.23   63.32   1.95   -1.23   0.26
16657        255   1333242731   55.85   3.98   57.71   3.98   -0.71   0.57   58.37   2.78   59.26   2.78   -0.88   0.69
16659        255   1333256948   56.34   4.04   55.25   4.04   -0.71   0.57   62.75   2.97   60.46   2.97   -0.88   0.69
16662        255   1333282867   60.71   6.70   62.10   5.93   -0.30   0.65   55.86   2.09   59.81   1.66   -0.37   0.27
16665        255   1333331545   44.31   3.93   47.09   3.20   -0.31   0.41   59.24   2.52   65.77   2.13   -0.84   0.25
16667        255   1333383109   44.26   3.45   53.61   3.15   -1.92   0.38   48.49   2.53   59.50   2.52   -2.67   0.27
16668        255   1333421002   47.66   2.60   52.56   2.34   -1.06   0.27   60.39   3.22   63.28   2.89   -0.57   0.30
16669        255   1333461710   45.71   5.81   36.52   4.56    1.15   0.72   54.75   3.49   58.48   2.95   -0.82   0.43
16671        255   1333501628   50.50   2.49   52.07   2.26   -0.42   0.20   52.09   6.04   60.40   5.30   -1.70   0.56
16678        255   1333590096   58.31   3.42   60.61   3.00   -0.29   0.39   57.06   5.70   58.18   4.26   -0.23   0.89
16685        255   1333668934   59.64   3.51   59.03   3.07   -0.16   0.37   57.22   7.91   62.12   6.58   -0.88   0.95
16686        255   1333704899   54.28   2.87   58.35   2.69   -0.84   0.21   51.06   5.99   60.67   5.28   -1.67   0.54
16690        255   1333810182   57.08   3.35   58.63   2.88   -0.31   0.40   60.10   7.47   66.49   6.15   -1.37   0.99
16691        255   1333852179   56.10   3.07   59.04   2.73   -0.88   0.36   68.60   6.45   68.07   6.45   -0.88   0.69
16693        255   1333891820   55.23   3.18   54.96   2.75   -0.06   0.34   52.62   6.55   56.40   5.36   -0.97   0.82
16697        255   1333940479   60.29   2.99   59.85   2.99   -0.71   0.57   60.66   5.23   60.19   5.23   -0.88   0.69
16698        255   1333978353   54.87   3.04   55.02   2.60   -0.40   0.36   56.62   6.57   55.27   5.14    0.02   0.88
16699        255   1334014892   54.73   3.07   59.12   2.73   -1.01   0.36   51.64   5.83   56.14   4.65   -0.71   0.80
16701        255   1334051213   56.47   2.90   56.06   2.90   -0.71   0.57   57.96   5.40   57.51   5.40   -0.88   0.69
16704        255   1334077763   57.32   4.19   60.98   3.86   -0.20   0.43   54.17   6.18   57.26   4.98   -0.83   0.92
16705        255   1334109135   55.31   4.14   55.31   4.14   -0.71   0.57   58.90   4.89   58.44   4.89   -0.88   0.69
16709        255   1334194669   61.99   6.85   61.54   6.85   -0.71   0.57   62.11   7.54   61.63   7.54   -0.88   0.69
16710        255   1334204200   57.31   3.18   58.07   2.78   -0.11   0.39   59.44   3.59   58.71   3.59   -0.88   0.69
16715        255   1334266226   52.28   2.96   54.87   2.98   -1.30   0.36   0       0      0       0      -0.88   0.69
16716        255   1334289462   54.80   3.69   57.71   3.25   -1.34   0.65   59.14   4.08   73.14   3.74   -2.46   0.69
16717        255   1334313267   54.41   4.96   54.41   4.96   -0.71   0.57   56.05   3.41   55.61   3.41   -0.88   0.69
16720        255   1334336775   46.55   9.31   46.53   7.97    0.74   0.94   51.26   3.33   53.63   2.89   -0.64   0.37
16722        255   1334379463   48.22   3.77   48.40   3.71   -1.27   0.34   57.55   2.46   60.52   2.21   -0.41   0.25
16723        255   1334417061   47.63   3.13   50.01   2.73   -0.04   0.32   58.94   2.53   60.83   2.24   -0.05   0.25
16724        255   1334453303   50.39   3.83   47.90   3.61    0.09   0.23   57.16   2.55   57.22   2.26   -0.27   0.24
16725        255   1334492748   55.21   4.80   52.37   4.69    1.57   0.93   58.04   2.52   60.80   2.25   -0.46   0.26
16726        255   1334528774   56.50   6.48   54.11   5.02    0.56   0.81   58.45   3.20   61.77   2.93   -0.26   0.28
16727        255   1334571015   51.33   4.95   55.45   3.90   -0.46   0.68   54.34   2.49   53.33   2.17   -0.02   0.27
16730        255   1334627217   57.16   3.73   57.85   3.06    0.19   0.48   59.39   4.96   61.32   4.00   -0.60   0.68
16731        255   1334664914   65.62   4.11   67.88   3.19   -0.20   0.66   51.45   6.32   59.44   4.10   -2.40   1.24
16732        255   1334702916   56.12   3.31   56.12   3.31   -0.71   0.57   56.77   4.12   56.51   4.12   -0.88   0.69
16735        255   1334738930   57.08   3.24   64.20   3.09   -0.61   0.25   51.46   4.66   52.81   3.44   -0.62   0.66
